5 2
3 7
8 10
5 2
9 11
21 18
8 6
5 2 20 1 30 10
23 15 7 9 11 3
40 50 34 24 14 4
9 10 11 12 13 14
31 4 18 8 27 17
44 32 13 19 41 19
6 5 4 3 2 1
80 37 47 18 21 9
5 2 
806 507 
372 316 
138 30 
380 523 
345 530
10 10 
1 2 3 4 5 6 7 8 9 10 
4 5 2 3 3 5 6 7 9 10 
20 30 2 1 3 4 5 6 9 10 
1 2 3 4 5 6 7 8 9 10 
5 2 3 4 5 6 9 10 22 30 
2 3 4 5 6 7 8 9 10 11 
2 3 4 5 6 7 8 9 10 11 
3 4 5 6 7 8 9 10 11 12 
98 23 43 53 23 43 53 10 4 90 
1 1 1 2 3 4 5 9 10 11
5 1 
1 
3 
2 
5 
4
1 7 
1 2 3 0 0 0 0 



