1 0 1
2 1 1
3 1 2
4 0 4
5 0 5
6 3 3
7 4 3
8 3 5
9 0 9
10 5 5
11 9 2
12 0 12
13 2 11
14 3 11
15 3 12
16 2 14
17 0 17
18 15 3
19 11 8
20 6 14
21 0 21
22 15 7
23 7 16
24 22 2
25 12 13
26 1 25
27 16 11
28 3 25
29 18 11
30 3 27
31 18 13
32 1 31
33 16 17
34 31 3
35 11 24
36 26 10
37 4 33
38 19 19
39 34 5
40 9 31
41 24 17
42 39 3
43 11 32
44 26 18
45 41 4
46 10 36
47 25 22
48 40 8
49 6 43
50 21 29
51 36 15
52 51 1
53 13 40
54 28 26
55 43 12
56 2 54
57 17 40
58 32 26
59 47 12
60 2 58
61 17 44
62 32 30
63 47 16
64 62 2
65 12 53
66 27 39
67 42 25
68 57 11
69 3 66
70 18 52
71 33 38
72 48 24
73 63 10
74 4 70
75 19 56
76 34 42
77 49 28
78 64 14
79 0 79
80 15 65
81 30 51
82 45 37
83 60 23
84 75 9
85 5 80
86 20 66
87 35 52
88 50 38
89 65 24
90 80 10
91 4 87
92 19 73
93 34 59
94 49 45
95 64 31
96 79 17
97 94 3
98 11 87
99 26 73
100 41 59
Better estimate needed
